 1.000  0.000
 2.000  0.000
 3.000  0.000
 4.000  0.000
 5.000  0.000
 6.000  0.143
 7.000  0.272
 8.000  0.389
 9.000  0.495
10.000  0.590
11.000  0.677
12.000  0.755
13.000  0.826
14.000  0.890
15.000  0.948
16.000  1.001
17.000  1.048
18.000  1.091
19.000  1.130
20.000  1.165
21.000  1.197
22.000  1.226
23.000  1.252
24.000  1.276
25.000  1.297
26.000  1.316
27.000  1.334
28.000  1.350
29.000  1.364
30.000  1.377
31.000  1.389
32.000  1.399
33.000  1.409
34.000  1.417
35.000  1.425
36.000  1.432
37.000  1.439
38.000  1.445
39.000  1.450
40.000  1.455
41.000  1.459
42.000  1.463
43.000  1.466
44.000  1.470
45.000  1.473
46.000  1.475
47.000  1.478
48.000  1.480
49.000  1.482
50.000  1.483
51.000  1.485
52.000  1.486
53.000  1.488
54.000  1.489
55.000  1.490
56.000  1.491
57.000  1.492
58.000  1.493
59.000  1.493
60.000  1.494
61.000  1.494
62.000  1.495
63.000  1.495
64.000  1.496
65.000  1.496
66.000  1.497
67.000  1.497
68.000  1.497
69.000  1.498
70.000  1.498
71.000  1.498
72.000  1.498
73.000  1.498
74.000  1.498
75.000  1.499
76.000  1.499
77.000  1.499
78.000  1.499
79.000  1.499
80.000  1.499
81.000  1.499
82.000  1.499
83.000  1.499
84.000  1.499
85.000  1.499
86.000  1.500
87.000  1.500
88.000  1.500
89.000  1.500
90.000  1.500
91.000  1.500
92.000  1.500
93.000  1.500
94.000  1.500
95.000  1.500
96.000  1.500
97.000  1.500
98.000  1.500
99.000  1.500
100.000  1.500
101.000  1.500
102.000  1.500
103.000  1.500
104.000  1.500
105.000  1.500
106.000  1.500
107.000  1.500
108.000  1.500
109.000  1.500
110.000  1.500
111.000  1.500
112.000  1.500
113.000  1.500
114.000  1.500
115.000  1.500
116.000  1.500
117.000  1.500
118.000  1.500
119.000  1.500
120.000  1.500
121.000  1.500
122.000  1.500
123.000  1.500
124.000  1.500
125.000  1.500
126.000  1.500
127.000  1.500
128.000  1.500
129.000  1.500
130.000  1.500
131.000  1.500
132.000  1.500
133.000  1.500
134.000  1.500
135.000  1.500
136.000  1.500
137.000  1.500
138.000  1.500
139.000  1.500
140.000  1.500
141.000  1.500
142.000  1.500
143.000  1.500
144.000  1.500
145.000  1.500
146.000  1.500
147.000  1.500
148.000  1.500
149.000  1.500
150.000  1.500
151.000  1.500
152.000  1.500
153.000  1.500
154.000  1.500
155.000  1.500
156.000  1.500
157.000  1.500
158.000  1.500
159.000  1.500
160.000  1.500
161.000  1.500
162.000  1.500
163.000  1.500
164.000  1.500
165.000  1.500
166.000  1.500
167.000  1.500
168.000  1.500
169.000  1.500
170.000  1.500
171.000  1.500
172.000  1.500
173.000  1.500
174.000  1.500
175.000  1.500
176.000  1.500
177.000  1.500
178.000  1.500
179.000  1.500
180.000  1.500
181.000  1.500
182.000  1.500
183.000  1.500
184.000  1.500
185.000  1.500
186.000  1.500
187.000  1.500
188.000  1.500
189.000  1.500
190.000  1.500
191.000  1.500
192.000  1.500
193.000  1.500
194.000  1.500
195.000  1.500
196.000  1.500
197.000  1.500
198.000  1.500
199.000  1.500
200.000  1.500
201.000  1.500
202.000  1.500
203.000  1.500
204.000  1.500
205.000  1.500
206.000  1.500
207.000  1.500
208.000  1.500
209.000  1.500
210.000  1.500
211.000  1.500
212.000  1.500
213.000  1.500
214.000  1.500
215.000  1.500
216.000  1.500
217.000  1.500
218.000  1.500
219.000  1.500
220.000  1.500
221.000  1.500
222.000  1.500
223.000  1.500
224.000  1.500
225.000  1.500
226.000  1.500
227.000  1.500
228.000  1.500
229.000  1.500
230.000  1.500
231.000  1.500
232.000  1.500
233.000  1.500
234.000  1.500
235.000  1.500
236.000  1.500
237.000  1.500
238.000  1.500
239.000  1.500
240.000  1.500
241.000  1.500
242.000  1.500
243.000  1.500
244.000  1.500
245.000  1.500
246.000  1.500
247.000  1.500
248.000  1.500
249.000  1.500
250.000  1.500
251.000  1.500
252.000  1.500
253.000  1.500
254.000  1.500
255.000  1.500
256.000  1.500
257.000  1.500
258.000  1.500
259.000  1.500
260.000  1.500
261.000  1.500
262.000  1.500
263.000  1.500
264.000  1.500
265.000  1.500
266.000  1.500
267.000  1.500
268.000  1.500
269.000  1.500
270.000  1.500
271.000  1.500
272.000  1.500
273.000  1.500
274.000  1.500
275.000  1.500
276.000  1.500
277.000  1.500
278.000  1.500
279.000  1.500
280.000  1.500
281.000  1.500
282.000  1.500
283.000  1.500
284.000  1.500
285.000  1.500
286.000  1.500
287.000  1.500
288.000  1.500
289.000  1.500
290.000  1.500
291.000  1.500
292.000  1.500
293.000  1.500
294.000  1.500
295.000  1.500
296.000  1.500
297.000  1.500
298.000  1.500
299.000  1.500
300.000  1.500
