 1.000  0.000
 2.000  0.000
 3.000  0.000
 4.000  0.000
 5.000  0.000
 6.000  0.084
 7.000  0.156
 8.000  0.216
 9.000  0.268
10.000  0.311
11.000  0.348
12.000  0.379
13.000  0.405
14.000  0.427
15.000  0.446
16.000  0.462
17.000  0.476
18.000  0.487
19.000  0.497
20.000  0.505
21.000  0.512
22.000  0.518
23.000  0.523
24.000  0.527
25.000  0.530
26.000  0.533
27.000  0.536
28.000  0.538
29.000  0.540
30.000  0.541
31.000  0.543
32.000  0.544
33.000  0.545
34.000  0.546
35.000  0.546
36.000  0.547
37.000  0.547
38.000  0.548
39.000  0.548
40.000  0.548
41.000  0.549
42.000  0.549
43.000  0.549
44.000  0.549
45.000  0.549
46.000  0.549
47.000  0.549
48.000  0.550
49.000  0.550
50.000  0.550
51.000  0.550
52.000  0.550
53.000  0.550
54.000  0.550
55.000  0.550
56.000  0.550
57.000  0.550
58.000  0.550
59.000  0.550
60.000  0.550
61.000  0.550
62.000  0.550
63.000  0.550
64.000  0.550
65.000  0.550
66.000  0.550
67.000  0.550
68.000  0.550
69.000  0.550
70.000  0.550
71.000  0.550
72.000  0.550
73.000  0.550
74.000  0.550
75.000  0.550
76.000  0.550
77.000  0.550
78.000  0.550
79.000  0.550
80.000  0.550
81.000  0.550
82.000  0.550
83.000  0.550
84.000  0.550
85.000  0.550
86.000  0.550
87.000  0.550
88.000  0.550
89.000  0.550
90.000  0.550
91.000  0.550
92.000  0.550
93.000  0.550
94.000  0.550
95.000  0.550
96.000  0.550
97.000  0.550
98.000  0.550
99.000  0.550
100.000  0.550
101.000  0.550
102.000  0.550
103.000  0.550
104.000  0.550
105.000  0.550
106.000  0.550
107.000  0.550
108.000  0.550
109.000  0.550
110.000  0.550
111.000  0.550
112.000  0.550
113.000  0.550
114.000  0.550
115.000  0.550
116.000  0.550
117.000  0.550
118.000  0.550
119.000  0.550
120.000  0.550
121.000  0.550
122.000  0.550
123.000  0.550
124.000  0.550
125.000  0.550
126.000  0.550
127.000  0.550
128.000  0.550
129.000  0.550
130.000  0.550
131.000  0.550
132.000  0.550
133.000  0.550
134.000  0.550
135.000  0.550
136.000  0.550
137.000  0.550
138.000  0.550
139.000  0.550
140.000  0.550
141.000  0.550
142.000  0.550
143.000  0.550
144.000  0.550
145.000  0.550
146.000  0.550
147.000  0.550
148.000  0.550
149.000  0.550
150.000  0.550
151.000  0.550
152.000  0.550
153.000  0.550
154.000  0.550
155.000  0.550
156.000  0.550
157.000  0.550
158.000  0.550
159.000  0.550
160.000  0.550
161.000  0.550
162.000  0.550
163.000  0.550
164.000  0.550
165.000  0.550
166.000  0.550
167.000  0.550
168.000  0.550
169.000  0.550
170.000  0.550
171.000  0.550
172.000  0.550
173.000  0.550
174.000  0.550
175.000  0.550
176.000  0.550
177.000  0.550
178.000  0.550
179.000  0.550
180.000  0.550
181.000  0.550
182.000  0.550
183.000  0.550
184.000  0.550
185.000  0.550
186.000  0.550
187.000  0.550
188.000  0.550
189.000  0.550
190.000  0.550
191.000  0.550
192.000  0.550
193.000  0.550
194.000  0.550
195.000  0.550
196.000  0.550
197.000  0.550
198.000  0.550
199.000  0.550
200.000  0.550
201.000  0.550
202.000  0.550
203.000  0.550
204.000  0.550
205.000  0.550
206.000  0.550
207.000  0.550
208.000  0.550
209.000  0.550
210.000  0.550
211.000  0.550
212.000  0.550
213.000  0.550
214.000  0.550
215.000  0.550
216.000  0.550
217.000  0.550
218.000  0.550
219.000  0.550
220.000  0.550
221.000  0.550
222.000  0.550
223.000  0.550
224.000  0.550
225.000  0.550
226.000  0.550
227.000  0.550
228.000  0.550
229.000  0.550
230.000  0.550
231.000  0.550
232.000  0.550
233.000  0.550
234.000  0.550
235.000  0.550
236.000  0.550
237.000  0.550
238.000  0.550
239.000  0.550
240.000  0.550
241.000  0.550
242.000  0.550
243.000  0.550
244.000  0.550
245.000  0.550
246.000  0.550
247.000  0.550
248.000  0.550
249.000  0.550
250.000  0.550
251.000  0.550
252.000  0.550
253.000  0.550
254.000  0.550
255.000  0.550
256.000  0.550
257.000  0.550
258.000  0.550
259.000  0.550
260.000  0.550
261.000  0.550
262.000  0.550
263.000  0.550
264.000  0.550
265.000  0.550
266.000  0.550
267.000  0.550
268.000  0.550
269.000  0.550
270.000  0.550
271.000  0.550
272.000  0.550
273.000  0.550
274.000  0.550
275.000  0.550
276.000  0.550
277.000  0.550
278.000  0.550
279.000  0.550
280.000  0.550
281.000  0.550
282.000  0.550
283.000  0.550
284.000  0.550
285.000  0.550
286.000  0.550
287.000  0.550
288.000  0.550
289.000  0.550
290.000  0.550
291.000  0.550
292.000  0.550
293.000  0.550
294.000  0.550
295.000  0.550
296.000  0.550
297.000  0.550
298.000  0.550
299.000  0.550
300.000  0.550
