 1.000  0.000
 2.000  0.000
 3.000  0.000
 4.000  0.000
 5.000  0.000
 6.000  0.086
 7.000  0.166
 8.000  0.241
 9.000  0.311
10.000  0.375
11.000  0.436
12.000  0.492
13.000  0.544
14.000  0.593
15.000  0.638
16.000  0.680
17.000  0.720
18.000  0.756
19.000  0.790
20.000  0.822
21.000  0.851
22.000  0.879
23.000  0.904
24.000  0.928
25.000  0.950
26.000  0.971
27.000  0.990
28.000  1.008
29.000  1.025
30.000  1.040
31.000  1.055
32.000  1.068
33.000  1.081
34.000  1.092
35.000  1.103
36.000  1.113
37.000  1.123
38.000  1.132
39.000  1.140
40.000  1.147
41.000  1.154
42.000  1.161
43.000  1.167
44.000  1.173
45.000  1.178
46.000  1.183
47.000  1.188
48.000  1.192
49.000  1.196
50.000  1.200
51.000  1.203
52.000  1.206
53.000  1.209
54.000  1.212
55.000  1.215
56.000  1.217
57.000  1.220
58.000  1.222
59.000  1.224
60.000  1.225
61.000  1.227
62.000  1.229
63.000  1.230
64.000  1.232
65.000  1.233
66.000  1.234
67.000  1.235
68.000  1.236
69.000  1.237
70.000  1.238
71.000  1.239
72.000  1.240
73.000  1.240
74.000  1.241
75.000  1.242
76.000  1.242
77.000  1.243
78.000  1.243
79.000  1.244
80.000  1.244
81.000  1.245
82.000  1.245
83.000  1.245
84.000  1.246
85.000  1.246
86.000  1.246
87.000  1.246
88.000  1.247
89.000  1.247
90.000  1.247
91.000  1.247
92.000  1.247
93.000  1.248
94.000  1.248
95.000  1.248
96.000  1.248
97.000  1.248
98.000  1.248
99.000  1.248
100.000  1.249
101.000  1.249
102.000  1.249
103.000  1.249
104.000  1.249
105.000  1.249
106.000  1.249
107.000  1.249
108.000  1.249
109.000  1.249
110.000  1.249
111.000  1.249
112.000  1.249
113.000  1.249
114.000  1.249
115.000  1.250
116.000  1.250
117.000  1.250
118.000  1.250
119.000  1.250
120.000  1.250
121.000  1.250
122.000  1.250
123.000  1.250
124.000  1.250
125.000  1.250
126.000  1.250
127.000  1.250
128.000  1.250
129.000  1.250
130.000  1.250
131.000  1.250
132.000  1.250
133.000  1.250
134.000  1.250
135.000  1.250
136.000  1.250
137.000  1.250
138.000  1.250
139.000  1.250
140.000  1.250
141.000  1.250
142.000  1.250
143.000  1.250
144.000  1.250
145.000  1.250
146.000  1.250
147.000  1.250
148.000  1.250
149.000  1.250
150.000  1.250
151.000  1.250
152.000  1.250
153.000  1.250
154.000  1.250
155.000  1.250
156.000  1.250
157.000  1.250
158.000  1.250
159.000  1.250
160.000  1.250
161.000  1.250
162.000  1.250
163.000  1.250
164.000  1.250
165.000  1.250
166.000  1.250
167.000  1.250
168.000  1.250
169.000  1.250
170.000  1.250
171.000  1.250
172.000  1.250
173.000  1.250
174.000  1.250
175.000  1.250
176.000  1.250
177.000  1.250
178.000  1.250
179.000  1.250
180.000  1.250
181.000  1.250
182.000  1.250
183.000  1.250
184.000  1.250
185.000  1.250
186.000  1.250
187.000  1.250
188.000  1.250
189.000  1.250
190.000  1.250
191.000  1.250
192.000  1.250
193.000  1.250
194.000  1.250
195.000  1.250
196.000  1.250
197.000  1.250
198.000  1.250
199.000  1.250
200.000  1.250
201.000  1.250
202.000  1.250
203.000  1.250
204.000  1.250
205.000  1.250
206.000  1.250
207.000  1.250
208.000  1.250
209.000  1.250
210.000  1.250
211.000  1.250
212.000  1.250
213.000  1.250
214.000  1.250
215.000  1.250
216.000  1.250
217.000  1.250
218.000  1.250
219.000  1.250
220.000  1.250
221.000  1.250
222.000  1.250
223.000  1.250
224.000  1.250
225.000  1.250
226.000  1.250
227.000  1.250
228.000  1.250
229.000  1.250
230.000  1.250
231.000  1.250
232.000  1.250
233.000  1.250
234.000  1.250
235.000  1.250
236.000  1.250
237.000  1.250
238.000  1.250
239.000  1.250
240.000  1.250
241.000  1.250
242.000  1.250
243.000  1.250
244.000  1.250
245.000  1.250
246.000  1.250
247.000  1.250
248.000  1.250
249.000  1.250
250.000  1.250
251.000  1.250
252.000  1.250
253.000  1.250
254.000  1.250
255.000  1.250
256.000  1.250
257.000  1.250
258.000  1.250
259.000  1.250
260.000  1.250
261.000  1.250
262.000  1.250
263.000  1.250
264.000  1.250
265.000  1.250
266.000  1.250
267.000  1.250
268.000  1.250
269.000  1.250
270.000  1.250
271.000  1.250
272.000  1.250
273.000  1.250
274.000  1.250
275.000  1.250
276.000  1.250
277.000  1.250
278.000  1.250
279.000  1.250
280.000  1.250
281.000  1.250
282.000  1.250
283.000  1.250
284.000  1.250
285.000  1.250
286.000  1.250
287.000  1.250
288.000  1.250
289.000  1.250
290.000  1.250
291.000  1.250
292.000  1.250
293.000  1.250
294.000  1.250
295.000  1.250
296.000  1.250
297.000  1.250
298.000  1.250
299.000  1.250
300.000  1.250
