 1.000  0.000
 2.000  0.000
 3.000  0.000
 4.000  0.000
 5.000  0.000
 6.000  0.005
 7.000  0.010
 8.000  0.014
 9.000  0.018
10.000  0.022
11.000  0.026
12.000  0.030
13.000  0.033
14.000  0.036
15.000  0.039
16.000  0.042
17.000  0.045
18.000  0.048
19.000  0.050
20.000  0.053
21.000  0.055
22.000  0.057
23.000  0.059
24.000  0.061
25.000  0.063
26.000  0.065
27.000  0.067
28.000  0.068
29.000  0.070
30.000  0.071
31.000  0.073
32.000  0.074
33.000  0.075
34.000  0.077
35.000  0.078
36.000  0.079
37.000  0.080
38.000  0.081
39.000  0.082
40.000  0.083
41.000  0.083
42.000  0.084
43.000  0.085
44.000  0.086
45.000  0.086
46.000  0.087
47.000  0.088
48.000  0.088
49.000  0.089
50.000  0.089
51.000  0.090
52.000  0.090
53.000  0.091
54.000  0.091
55.000  0.092
56.000  0.092
57.000  0.093
58.000  0.093
59.000  0.093
60.000  0.094
61.000  0.094
62.000  0.094
63.000  0.094
64.000  0.095
65.000  0.095
66.000  0.095
67.000  0.095
68.000  0.096
69.000  0.096
70.000  0.096
71.000  0.096
72.000  0.096
73.000  0.097
74.000  0.097
75.000  0.097
76.000  0.097
77.000  0.097
78.000  0.097
79.000  0.098
80.000  0.098
81.000  0.098
82.000  0.098
83.000  0.098
84.000  0.098
85.000  0.098
86.000  0.098
87.000  0.098
88.000  0.098
89.000  0.099
90.000  0.099
91.000  0.099
92.000  0.099
93.000  0.099
94.000  0.099
95.000  0.099
96.000  0.099
97.000  0.099
98.000  0.099
99.000  0.099
100.000  0.099
101.000  0.099
102.000  0.099
103.000  0.099
104.000  0.099
105.000  0.099
106.000  0.099
107.000  0.099
108.000  0.099
109.000  0.099
110.000  0.099
111.000  0.100
112.000  0.100
113.000  0.100
114.000  0.100
115.000  0.100
116.000  0.100
117.000  0.100
118.000  0.100
119.000  0.100
120.000  0.100
121.000  0.100
122.000  0.100
123.000  0.100
124.000  0.100
125.000  0.100
126.000  0.100
127.000  0.100
128.000  0.100
129.000  0.100
130.000  0.100
131.000  0.100
132.000  0.100
133.000  0.100
134.000  0.100
135.000  0.100
136.000  0.100
137.000  0.100
138.000  0.100
139.000  0.100
140.000  0.100
141.000  0.100
142.000  0.100
143.000  0.100
144.000  0.100
145.000  0.100
146.000  0.100
147.000  0.100
148.000  0.100
149.000  0.100
150.000  0.100
151.000  0.100
152.000  0.100
153.000  0.100
154.000  0.100
155.000  0.100
156.000  0.100
157.000  0.100
158.000  0.100
159.000  0.100
160.000  0.100
161.000  0.100
162.000  0.100
163.000  0.100
164.000  0.100
165.000  0.100
166.000  0.100
167.000  0.100
168.000  0.100
169.000  0.100
170.000  0.100
171.000  0.100
172.000  0.100
173.000  0.100
174.000  0.100
175.000  0.100
176.000  0.100
177.000  0.100
178.000  0.100
179.000  0.100
180.000  0.100
181.000  0.100
182.000  0.100
183.000  0.100
184.000  0.100
185.000  0.100
186.000  0.100
187.000  0.100
188.000  0.100
189.000  0.100
190.000  0.100
191.000  0.100
192.000  0.100
193.000  0.100
194.000  0.100
195.000  0.100
196.000  0.100
197.000  0.100
198.000  0.100
199.000  0.100
200.000  0.100
201.000  0.100
202.000  0.100
203.000  0.100
204.000  0.100
205.000  0.100
206.000  0.100
207.000  0.100
208.000  0.100
209.000  0.100
210.000  0.100
211.000  0.100
212.000  0.100
213.000  0.100
214.000  0.100
215.000  0.100
216.000  0.100
217.000  0.100
218.000  0.100
219.000  0.100
220.000  0.100
221.000  0.100
222.000  0.100
223.000  0.100
224.000  0.100
225.000  0.100
226.000  0.100
227.000  0.100
228.000  0.100
229.000  0.100
230.000  0.100
231.000  0.100
232.000  0.100
233.000  0.100
234.000  0.100
235.000  0.100
236.000  0.100
237.000  0.100
238.000  0.100
239.000  0.100
240.000  0.100
241.000  0.100
242.000  0.100
243.000  0.100
244.000  0.100
245.000  0.100
246.000  0.100
247.000  0.100
248.000  0.100
249.000  0.100
250.000  0.100
251.000  0.100
252.000  0.100
253.000  0.100
254.000  0.100
255.000  0.100
256.000  0.100
257.000  0.100
258.000  0.100
259.000  0.100
260.000  0.100
261.000  0.100
262.000  0.100
263.000  0.100
264.000  0.100
265.000  0.100
266.000  0.100
267.000  0.100
268.000  0.100
269.000  0.100
270.000  0.100
271.000  0.100
272.000  0.100
273.000  0.100
274.000  0.100
275.000  0.100
276.000  0.100
277.000  0.100
278.000  0.100
279.000  0.100
280.000  0.100
281.000  0.100
282.000  0.100
283.000  0.100
284.000  0.100
285.000  0.100
286.000  0.100
287.000  0.100
288.000  0.100
289.000  0.100
290.000  0.100
291.000  0.100
292.000  0.100
293.000  0.100
294.000  0.100
295.000  0.100
296.000  0.100
297.000  0.100
298.000  0.100
299.000  0.100
300.000  0.100
