 1.000  0.000
 2.000  0.000
 3.000  0.000
 4.000  0.000
 5.000  0.000
 6.000  0.059
 7.000  0.114
 8.000  0.167
 9.000  0.218
10.000  0.265
11.000  0.311
12.000  0.354
13.000  0.396
14.000  0.435
15.000  0.472
16.000  0.508
17.000  0.541
18.000  0.574
19.000  0.604
20.000  0.633
21.000  0.661
22.000  0.687
23.000  0.712
24.000  0.736
25.000  0.759
26.000  0.780
27.000  0.801
28.000  0.820
29.000  0.839
30.000  0.856
31.000  0.873
32.000  0.889
33.000  0.904
34.000  0.919
35.000  0.932
36.000  0.945
37.000  0.958
38.000  0.970
39.000  0.981
40.000  0.991
41.000  1.002
42.000  1.011
43.000  1.021
44.000  1.029
45.000  1.038
46.000  1.046
47.000  1.053
48.000  1.060
49.000  1.067
50.000  1.074
51.000  1.080
52.000  1.086
53.000  1.091
54.000  1.096
55.000  1.101
56.000  1.106
57.000  1.111
58.000  1.115
59.000  1.119
60.000  1.123
61.000  1.127
62.000  1.131
63.000  1.134
64.000  1.137
65.000  1.140
66.000  1.143
67.000  1.146
68.000  1.149
69.000  1.151
70.000  1.153
71.000  1.156
72.000  1.158
73.000  1.160
74.000  1.162
75.000  1.164
76.000  1.166
77.000  1.167
78.000  1.169
79.000  1.170
80.000  1.172
81.000  1.173
82.000  1.174
83.000  1.176
84.000  1.177
85.000  1.178
86.000  1.179
87.000  1.180
88.000  1.181
89.000  1.182
90.000  1.183
91.000  1.184
92.000  1.185
93.000  1.185
94.000  1.186
95.000  1.187
96.000  1.187
97.000  1.188
98.000  1.189
99.000  1.189
100.000  1.190
101.000  1.190
102.000  1.191
103.000  1.191
104.000  1.191
105.000  1.192
106.000  1.192
107.000  1.193
108.000  1.193
109.000  1.193
110.000  1.194
111.000  1.194
112.000  1.194
113.000  1.195
114.000  1.195
115.000  1.195
116.000  1.195
117.000  1.196
118.000  1.196
119.000  1.196
120.000  1.196
121.000  1.196
122.000  1.197
123.000  1.197
124.000  1.197
125.000  1.197
126.000  1.197
127.000  1.197
128.000  1.197
129.000  1.198
130.000  1.198
131.000  1.198
132.000  1.198
133.000  1.198
134.000  1.198
135.000  1.198
136.000  1.198
137.000  1.198
138.000  1.198
139.000  1.199
140.000  1.199
141.000  1.199
142.000  1.199
143.000  1.199
144.000  1.199
145.000  1.199
146.000  1.199
147.000  1.199
148.000  1.199
149.000  1.199
150.000  1.199
151.000  1.199
152.000  1.199
153.000  1.199
154.000  1.199
155.000  1.199
156.000  1.199
157.000  1.199
158.000  1.199
159.000  1.199
160.000  1.199
161.000  1.200
162.000  1.200
163.000  1.200
164.000  1.200
165.000  1.200
166.000  1.200
167.000  1.200
168.000  1.200
169.000  1.200
170.000  1.200
171.000  1.200
172.000  1.200
173.000  1.200
174.000  1.200
175.000  1.200
176.000  1.200
177.000  1.200
178.000  1.200
179.000  1.200
180.000  1.200
181.000  1.200
182.000  1.200
183.000  1.200
184.000  1.200
185.000  1.200
186.000  1.200
187.000  1.200
188.000  1.200
189.000  1.200
190.000  1.200
191.000  1.200
192.000  1.200
193.000  1.200
194.000  1.200
195.000  1.200
196.000  1.200
197.000  1.200
198.000  1.200
199.000  1.200
200.000  1.200
201.000  1.200
202.000  1.200
203.000  1.200
204.000  1.200
205.000  1.200
206.000  1.200
207.000  1.200
208.000  1.200
209.000  1.200
210.000  1.200
211.000  1.200
212.000  1.200
213.000  1.200
214.000  1.200
215.000  1.200
216.000  1.200
217.000  1.200
218.000  1.200
219.000  1.200
220.000  1.200
221.000  1.200
222.000  1.200
223.000  1.200
224.000  1.200
225.000  1.200
226.000  1.200
227.000  1.200
228.000  1.200
229.000  1.200
230.000  1.200
231.000  1.200
232.000  1.200
233.000  1.200
234.000  1.200
235.000  1.200
236.000  1.200
237.000  1.200
238.000  1.200
239.000  1.200
240.000  1.200
241.000  1.200
242.000  1.200
243.000  1.200
244.000  1.200
245.000  1.200
246.000  1.200
247.000  1.200
248.000  1.200
249.000  1.200
250.000  1.200
251.000  1.200
252.000  1.200
253.000  1.200
254.000  1.200
255.000  1.200
256.000  1.200
257.000  1.200
258.000  1.200
259.000  1.200
260.000  1.200
261.000  1.200
262.000  1.200
263.000  1.200
264.000  1.200
265.000  1.200
266.000  1.200
267.000  1.200
268.000  1.200
269.000  1.200
270.000  1.200
271.000  1.200
272.000  1.200
273.000  1.200
274.000  1.200
275.000  1.200
276.000  1.200
277.000  1.200
278.000  1.200
279.000  1.200
280.000  1.200
281.000  1.200
282.000  1.200
283.000  1.200
284.000  1.200
285.000  1.200
286.000  1.200
287.000  1.200
288.000  1.200
289.000  1.200
290.000  1.200
291.000  1.200
292.000  1.200
293.000  1.200
294.000  1.200
295.000  1.200
296.000  1.200
297.000  1.200
298.000  1.200
299.000  1.200
300.000  1.200
