 1.000  0.000
 2.000  0.000
 3.000  0.000
 4.000  0.000
 5.000  0.000
 6.000  0.015
 7.000  0.029
 8.000  0.042
 9.000  0.054
10.000  0.066
11.000  0.078
12.000  0.089
13.000  0.099
14.000  0.109
15.000  0.118
16.000  0.127
17.000  0.135
18.000  0.143
19.000  0.151
20.000  0.158
21.000  0.165
22.000  0.172
23.000  0.178
24.000  0.184
25.000  0.190
26.000  0.195
27.000  0.200
28.000  0.205
29.000  0.210
30.000  0.214
31.000  0.218
32.000  0.222
33.000  0.226
34.000  0.230
35.000  0.233
36.000  0.236
37.000  0.239
38.000  0.242
39.000  0.245
40.000  0.248
41.000  0.250
42.000  0.253
43.000  0.255
44.000  0.257
45.000  0.259
46.000  0.261
47.000  0.263
48.000  0.265
49.000  0.267
50.000  0.268
51.000  0.270
52.000  0.271
53.000  0.273
54.000  0.274
55.000  0.275
56.000  0.277
57.000  0.278
58.000  0.279
59.000  0.280
60.000  0.281
61.000  0.282
62.000  0.283
63.000  0.283
64.000  0.284
65.000  0.285
66.000  0.286
67.000  0.286
68.000  0.287
69.000  0.288
70.000  0.288
71.000  0.289
72.000  0.289
73.000  0.290
74.000  0.290
75.000  0.291
76.000  0.291
77.000  0.292
78.000  0.292
79.000  0.293
80.000  0.293
81.000  0.293
82.000  0.294
83.000  0.294
84.000  0.294
85.000  0.295
86.000  0.295
87.000  0.295
88.000  0.295
89.000  0.296
90.000  0.296
91.000  0.296
92.000  0.296
93.000  0.296
94.000  0.296
95.000  0.297
96.000  0.297
97.000  0.297
98.000  0.297
99.000  0.297
100.000  0.297
101.000  0.298
102.000  0.298
103.000  0.298
104.000  0.298
105.000  0.298
106.000  0.298
107.000  0.298
108.000  0.298
109.000  0.298
110.000  0.298
111.000  0.299
112.000  0.299
113.000  0.299
114.000  0.299
115.000  0.299
116.000  0.299
117.000  0.299
118.000  0.299
119.000  0.299
120.000  0.299
121.000  0.299
122.000  0.299
123.000  0.299
124.000  0.299
125.000  0.299
126.000  0.299
127.000  0.299
128.000  0.299
129.000  0.299
130.000  0.299
131.000  0.299
132.000  0.299
133.000  0.300
134.000  0.300
135.000  0.300
136.000  0.300
137.000  0.300
138.000  0.300
139.000  0.300
140.000  0.300
141.000  0.300
142.000  0.300
143.000  0.300
144.000  0.300
145.000  0.300
146.000  0.300
147.000  0.300
148.000  0.300
149.000  0.300
150.000  0.300
151.000  0.300
152.000  0.300
153.000  0.300
154.000  0.300
155.000  0.300
156.000  0.300
157.000  0.300
158.000  0.300
159.000  0.300
160.000  0.300
161.000  0.300
162.000  0.300
163.000  0.300
164.000  0.300
165.000  0.300
166.000  0.300
167.000  0.300
168.000  0.300
169.000  0.300
170.000  0.300
171.000  0.300
172.000  0.300
173.000  0.300
174.000  0.300
175.000  0.300
176.000  0.300
177.000  0.300
178.000  0.300
179.000  0.300
180.000  0.300
181.000  0.300
182.000  0.300
183.000  0.300
184.000  0.300
185.000  0.300
186.000  0.300
187.000  0.300
188.000  0.300
189.000  0.300
190.000  0.300
191.000  0.300
192.000  0.300
193.000  0.300
194.000  0.300
195.000  0.300
196.000  0.300
197.000  0.300
198.000  0.300
199.000  0.300
200.000  0.300
201.000  0.300
202.000  0.300
203.000  0.300
204.000  0.300
205.000  0.300
206.000  0.300
207.000  0.300
208.000  0.300
209.000  0.300
210.000  0.300
211.000  0.300
212.000  0.300
213.000  0.300
214.000  0.300
215.000  0.300
216.000  0.300
217.000  0.300
218.000  0.300
219.000  0.300
220.000  0.300
221.000  0.300
222.000  0.300
223.000  0.300
224.000  0.300
225.000  0.300
226.000  0.300
227.000  0.300
228.000  0.300
229.000  0.300
230.000  0.300
231.000  0.300
232.000  0.300
233.000  0.300
234.000  0.300
235.000  0.300
236.000  0.300
237.000  0.300
238.000  0.300
239.000  0.300
240.000  0.300
241.000  0.300
242.000  0.300
243.000  0.300
244.000  0.300
245.000  0.300
246.000  0.300
247.000  0.300
248.000  0.300
249.000  0.300
250.000  0.300
251.000  0.300
252.000  0.300
253.000  0.300
254.000  0.300
255.000  0.300
256.000  0.300
257.000  0.300
258.000  0.300
259.000  0.300
260.000  0.300
261.000  0.300
262.000  0.300
263.000  0.300
264.000  0.300
265.000  0.300
266.000  0.300
267.000  0.300
268.000  0.300
269.000  0.300
270.000  0.300
271.000  0.300
272.000  0.300
273.000  0.300
274.000  0.300
275.000  0.300
276.000  0.300
277.000  0.300
278.000  0.300
279.000  0.300
280.000  0.300
281.000  0.300
282.000  0.300
283.000  0.300
284.000  0.300
285.000  0.300
286.000  0.300
287.000  0.300
288.000  0.300
289.000  0.300
290.000  0.300
291.000  0.300
292.000  0.300
293.000  0.300
294.000  0.300
295.000  0.300
296.000  0.300
297.000  0.300
298.000  0.300
299.000  0.300
300.000  0.300
