 1.000  0.000
 2.000  0.000
 3.000  0.000
 4.000  0.000
 5.000  0.000
 6.000  0.055
 7.000  0.106
 8.000  0.154
 9.000  0.199
10.000  0.242
11.000  0.281
12.000  0.319
13.000  0.354
14.000  0.387
15.000  0.418
16.000  0.447
17.000  0.475
18.000  0.501
19.000  0.525
20.000  0.548
21.000  0.569
22.000  0.589
23.000  0.608
24.000  0.626
25.000  0.642
26.000  0.658
27.000  0.672
28.000  0.686
29.000  0.699
30.000  0.711
31.000  0.723
32.000  0.734
33.000  0.744
34.000  0.753
35.000  0.762
36.000  0.770
37.000  0.778
38.000  0.786
39.000  0.793
40.000  0.799
41.000  0.805
42.000  0.811
43.000  0.816
44.000  0.821
45.000  0.826
46.000  0.831
47.000  0.835
48.000  0.839
49.000  0.842
50.000  0.846
51.000  0.849
52.000  0.852
53.000  0.855
54.000  0.858
55.000  0.860
56.000  0.863
57.000  0.865
58.000  0.867
59.000  0.869
60.000  0.871
61.000  0.873
62.000  0.874
63.000  0.876
64.000  0.877
65.000  0.879
66.000  0.880
67.000  0.881
68.000  0.882
69.000  0.884
70.000  0.885
71.000  0.885
72.000  0.886
73.000  0.887
74.000  0.888
75.000  0.889
76.000  0.889
77.000  0.890
78.000  0.891
79.000  0.891
80.000  0.892
81.000  0.892
82.000  0.893
83.000  0.893
84.000  0.894
85.000  0.894
86.000  0.894
87.000  0.895
88.000  0.895
89.000  0.895
90.000  0.896
91.000  0.896
92.000  0.896
93.000  0.896
94.000  0.897
95.000  0.897
96.000  0.897
97.000  0.897
98.000  0.897
99.000  0.897
100.000  0.898
101.000  0.898
102.000  0.898
103.000  0.898
104.000  0.898
105.000  0.898
106.000  0.898
107.000  0.898
108.000  0.899
109.000  0.899
110.000  0.899
111.000  0.899
112.000  0.899
113.000  0.899
114.000  0.899
115.000  0.899
116.000  0.899
117.000  0.899
118.000  0.899
119.000  0.899
120.000  0.899
121.000  0.899
122.000  0.899
123.000  0.899
124.000  0.899
125.000  0.900
126.000  0.900
127.000  0.900
128.000  0.900
129.000  0.900
130.000  0.900
131.000  0.900
132.000  0.900
133.000  0.900
134.000  0.900
135.000  0.900
136.000  0.900
137.000  0.900
138.000  0.900
139.000  0.900
140.000  0.900
141.000  0.900
142.000  0.900
143.000  0.900
144.000  0.900
145.000  0.900
146.000  0.900
147.000  0.900
148.000  0.900
149.000  0.900
150.000  0.900
151.000  0.900
152.000  0.900
153.000  0.900
154.000  0.900
155.000  0.900
156.000  0.900
157.000  0.900
158.000  0.900
159.000  0.900
160.000  0.900
161.000  0.900
162.000  0.900
163.000  0.900
164.000  0.900
165.000  0.900
166.000  0.900
167.000  0.900
168.000  0.900
169.000  0.900
170.000  0.900
171.000  0.900
172.000  0.900
173.000  0.900
174.000  0.900
175.000  0.900
176.000  0.900
177.000  0.900
178.000  0.900
179.000  0.900
180.000  0.900
181.000  0.900
182.000  0.900
183.000  0.900
184.000  0.900
185.000  0.900
186.000  0.900
187.000  0.900
188.000  0.900
189.000  0.900
190.000  0.900
191.000  0.900
192.000  0.900
193.000  0.900
194.000  0.900
195.000  0.900
196.000  0.900
197.000  0.900
198.000  0.900
199.000  0.900
200.000  0.900
201.000  0.900
202.000  0.900
203.000  0.900
204.000  0.900
205.000  0.900
206.000  0.900
207.000  0.900
208.000  0.900
209.000  0.900
210.000  0.900
211.000  0.900
212.000  0.900
213.000  0.900
214.000  0.900
215.000  0.900
216.000  0.900
217.000  0.900
218.000  0.900
219.000  0.900
220.000  0.900
221.000  0.900
222.000  0.900
223.000  0.900
224.000  0.900
225.000  0.900
226.000  0.900
227.000  0.900
228.000  0.900
229.000  0.900
230.000  0.900
231.000  0.900
232.000  0.900
233.000  0.900
234.000  0.900
235.000  0.900
236.000  0.900
237.000  0.900
238.000  0.900
239.000  0.900
240.000  0.900
241.000  0.900
242.000  0.900
243.000  0.900
244.000  0.900
245.000  0.900
246.000  0.900
247.000  0.900
248.000  0.900
249.000  0.900
250.000  0.900
251.000  0.900
252.000  0.900
253.000  0.900
254.000  0.900
255.000  0.900
256.000  0.900
257.000  0.900
258.000  0.900
259.000  0.900
260.000  0.900
261.000  0.900
262.000  0.900
263.000  0.900
264.000  0.900
265.000  0.900
266.000  0.900
267.000  0.900
268.000  0.900
269.000  0.900
270.000  0.900
271.000  0.900
272.000  0.900
273.000  0.900
274.000  0.900
275.000  0.900
276.000  0.900
277.000  0.900
278.000  0.900
279.000  0.900
280.000  0.900
281.000  0.900
282.000  0.900
283.000  0.900
284.000  0.900
285.000  0.900
286.000  0.900
287.000  0.900
288.000  0.900
289.000  0.900
290.000  0.900
291.000  0.900
292.000  0.900
293.000  0.900
294.000  0.900
295.000  0.900
296.000  0.900
297.000  0.900
298.000  0.900
299.000  0.900
300.000  0.900
