 1.000  0.000
 2.000  0.000
 3.000  0.000
 4.000  0.000
 5.000  0.000
 6.000  0.130
 7.000  0.241
 8.000  0.334
 9.000  0.414
10.000  0.481
11.000  0.537
12.000  0.585
13.000  0.626
14.000  0.660
15.000  0.689
16.000  0.714
17.000  0.735
18.000  0.753
19.000  0.768
20.000  0.780
21.000  0.791
22.000  0.800
23.000  0.808
24.000  0.814
25.000  0.820
26.000  0.824
27.000  0.828
28.000  0.832
29.000  0.834
30.000  0.837
31.000  0.839
32.000  0.841
33.000  0.842
34.000  0.843
35.000  0.844
36.000  0.845
37.000  0.846
38.000  0.847
39.000  0.847
40.000  0.848
41.000  0.848
42.000  0.848
43.000  0.848
44.000  0.849
45.000  0.849
46.000  0.849
47.000  0.849
48.000  0.849
49.000  0.849
50.000  0.850
51.000  0.850
52.000  0.850
53.000  0.850
54.000  0.850
55.000  0.850
56.000  0.850
57.000  0.850
58.000  0.850
59.000  0.850
60.000  0.850
61.000  0.850
62.000  0.850
63.000  0.850
64.000  0.850
65.000  0.850
66.000  0.850
67.000  0.850
68.000  0.850
69.000  0.850
70.000  0.850
71.000  0.850
72.000  0.850
73.000  0.850
74.000  0.850
75.000  0.850
76.000  0.850
77.000  0.850
78.000  0.850
79.000  0.850
80.000  0.850
81.000  0.850
82.000  0.850
83.000  0.850
84.000  0.850
85.000  0.850
86.000  0.850
87.000  0.850
88.000  0.850
89.000  0.850
90.000  0.850
91.000  0.850
92.000  0.850
93.000  0.850
94.000  0.850
95.000  0.850
96.000  0.850
97.000  0.850
98.000  0.850
99.000  0.850
100.000  0.850
101.000  0.850
102.000  0.850
103.000  0.850
104.000  0.850
105.000  0.850
106.000  0.850
107.000  0.850
108.000  0.850
109.000  0.850
110.000  0.850
111.000  0.850
112.000  0.850
113.000  0.850
114.000  0.850
115.000  0.850
116.000  0.850
117.000  0.850
118.000  0.850
119.000  0.850
120.000  0.850
121.000  0.850
122.000  0.850
123.000  0.850
124.000  0.850
125.000  0.850
126.000  0.850
127.000  0.850
128.000  0.850
129.000  0.850
130.000  0.850
131.000  0.850
132.000  0.850
133.000  0.850
134.000  0.850
135.000  0.850
136.000  0.850
137.000  0.850
138.000  0.850
139.000  0.850
140.000  0.850
141.000  0.850
142.000  0.850
143.000  0.850
144.000  0.850
145.000  0.850
146.000  0.850
147.000  0.850
148.000  0.850
149.000  0.850
150.000  0.850
151.000  0.850
152.000  0.850
153.000  0.850
154.000  0.850
155.000  0.850
156.000  0.850
157.000  0.850
158.000  0.850
159.000  0.850
160.000  0.850
161.000  0.850
162.000  0.850
163.000  0.850
164.000  0.850
165.000  0.850
166.000  0.850
167.000  0.850
168.000  0.850
169.000  0.850
170.000  0.850
171.000  0.850
172.000  0.850
173.000  0.850
174.000  0.850
175.000  0.850
176.000  0.850
177.000  0.850
178.000  0.850
179.000  0.850
180.000  0.850
181.000  0.850
182.000  0.850
183.000  0.850
184.000  0.850
185.000  0.850
186.000  0.850
187.000  0.850
188.000  0.850
189.000  0.850
190.000  0.850
191.000  0.850
192.000  0.850
193.000  0.850
194.000  0.850
195.000  0.850
196.000  0.850
197.000  0.850
198.000  0.850
199.000  0.850
200.000  0.850
201.000  0.850
202.000  0.850
203.000  0.850
204.000  0.850
205.000  0.850
206.000  0.850
207.000  0.850
208.000  0.850
209.000  0.850
210.000  0.850
211.000  0.850
212.000  0.850
213.000  0.850
214.000  0.850
215.000  0.850
216.000  0.850
217.000  0.850
218.000  0.850
219.000  0.850
220.000  0.850
221.000  0.850
222.000  0.850
223.000  0.850
224.000  0.850
225.000  0.850
226.000  0.850
227.000  0.850
228.000  0.850
229.000  0.850
230.000  0.850
231.000  0.850
232.000  0.850
233.000  0.850
234.000  0.850
235.000  0.850
236.000  0.850
237.000  0.850
238.000  0.850
239.000  0.850
240.000  0.850
241.000  0.850
242.000  0.850
243.000  0.850
244.000  0.850
245.000  0.850
246.000  0.850
247.000  0.850
248.000  0.850
249.000  0.850
250.000  0.850
251.000  0.850
252.000  0.850
253.000  0.850
254.000  0.850
255.000  0.850
256.000  0.850
257.000  0.850
258.000  0.850
259.000  0.850
260.000  0.850
261.000  0.850
262.000  0.850
263.000  0.850
264.000  0.850
265.000  0.850
266.000  0.850
267.000  0.850
268.000  0.850
269.000  0.850
270.000  0.850
271.000  0.850
272.000  0.850
273.000  0.850
274.000  0.850
275.000  0.850
276.000  0.850
277.000  0.850
278.000  0.850
279.000  0.850
280.000  0.850
281.000  0.850
282.000  0.850
283.000  0.850
284.000  0.850
285.000  0.850
286.000  0.850
287.000  0.850
288.000  0.850
289.000  0.850
290.000  0.850
291.000  0.850
292.000  0.850
293.000  0.850
294.000  0.850
295.000  0.850
296.000  0.850
297.000  0.850
298.000  0.850
299.000  0.850
300.000  0.850
