 1.000  0.000
 2.000  0.000
 3.000  0.000
 4.000  0.000
 5.000  0.000
 6.000  0.186
 7.000  0.353
 8.000  0.505
 9.000  0.643
10.000  0.767
11.000  0.880
12.000  0.982
13.000  1.074
14.000  1.157
15.000  1.233
16.000  1.301
17.000  1.363
18.000  1.419
19.000  1.469
20.000  1.515
21.000  1.556
22.000  1.594
23.000  1.628
24.000  1.658
25.000  1.686
26.000  1.711
27.000  1.734
28.000  1.754
29.000  1.773
30.000  1.790
31.000  1.805
32.000  1.819
33.000  1.831
34.000  1.843
35.000  1.853
36.000  1.862
37.000  1.871
38.000  1.878
39.000  1.885
40.000  1.891
41.000  1.897
42.000  1.902
43.000  1.906
44.000  1.911
45.000  1.914
46.000  1.918
47.000  1.921
48.000  1.924
49.000  1.926
50.000  1.928
51.000  1.930
52.000  1.932
53.000  1.934
54.000  1.935
55.000  1.937
56.000  1.938
57.000  1.939
58.000  1.940
59.000  1.941
60.000  1.942
61.000  1.943
62.000  1.943
63.000  1.944
64.000  1.945
65.000  1.945
66.000  1.946
67.000  1.946
68.000  1.946
69.000  1.947
70.000  1.947
71.000  1.947
72.000  1.948
73.000  1.948
74.000  1.948
75.000  1.948
76.000  1.948
77.000  1.949
78.000  1.949
79.000  1.949
80.000  1.949
81.000  1.949
82.000  1.949
83.000  1.949
84.000  1.949
85.000  1.949
86.000  1.949
87.000  1.949
88.000  1.950
89.000  1.950
90.000  1.950
91.000  1.950
92.000  1.950
93.000  1.950
94.000  1.950
95.000  1.950
96.000  1.950
97.000  1.950
98.000  1.950
99.000  1.950
100.000  1.950
101.000  1.950
102.000  1.950
103.000  1.950
104.000  1.950
105.000  1.950
106.000  1.950
107.000  1.950
108.000  1.950
109.000  1.950
110.000  1.950
111.000  1.950
112.000  1.950
113.000  1.950
114.000  1.950
115.000  1.950
116.000  1.950
117.000  1.950
118.000  1.950
119.000  1.950
120.000  1.950
121.000  1.950
122.000  1.950
123.000  1.950
124.000  1.950
125.000  1.950
126.000  1.950
127.000  1.950
128.000  1.950
129.000  1.950
130.000  1.950
131.000  1.950
132.000  1.950
133.000  1.950
134.000  1.950
135.000  1.950
136.000  1.950
137.000  1.950
138.000  1.950
139.000  1.950
140.000  1.950
141.000  1.950
142.000  1.950
143.000  1.950
144.000  1.950
145.000  1.950
146.000  1.950
147.000  1.950
148.000  1.950
149.000  1.950
150.000  1.950
151.000  1.950
152.000  1.950
153.000  1.950
154.000  1.950
155.000  1.950
156.000  1.950
157.000  1.950
158.000  1.950
159.000  1.950
160.000  1.950
161.000  1.950
162.000  1.950
163.000  1.950
164.000  1.950
165.000  1.950
166.000  1.950
167.000  1.950
168.000  1.950
169.000  1.950
170.000  1.950
171.000  1.950
172.000  1.950
173.000  1.950
174.000  1.950
175.000  1.950
176.000  1.950
177.000  1.950
178.000  1.950
179.000  1.950
180.000  1.950
181.000  1.950
182.000  1.950
183.000  1.950
184.000  1.950
185.000  1.950
186.000  1.950
187.000  1.950
188.000  1.950
189.000  1.950
190.000  1.950
191.000  1.950
192.000  1.950
193.000  1.950
194.000  1.950
195.000  1.950
196.000  1.950
197.000  1.950
198.000  1.950
199.000  1.950
200.000  1.950
201.000  1.950
202.000  1.950
203.000  1.950
204.000  1.950
205.000  1.950
206.000  1.950
207.000  1.950
208.000  1.950
209.000  1.950
210.000  1.950
211.000  1.950
212.000  1.950
213.000  1.950
214.000  1.950
215.000  1.950
216.000  1.950
217.000  1.950
218.000  1.950
219.000  1.950
220.000  1.950
221.000  1.950
222.000  1.950
223.000  1.950
224.000  1.950
225.000  1.950
226.000  1.950
227.000  1.950
228.000  1.950
229.000  1.950
230.000  1.950
231.000  1.950
232.000  1.950
233.000  1.950
234.000  1.950
235.000  1.950
236.000  1.950
237.000  1.950
238.000  1.950
239.000  1.950
240.000  1.950
241.000  1.950
242.000  1.950
243.000  1.950
244.000  1.950
245.000  1.950
246.000  1.950
247.000  1.950
248.000  1.950
249.000  1.950
250.000  1.950
251.000  1.950
252.000  1.950
253.000  1.950
254.000  1.950
255.000  1.950
256.000  1.950
257.000  1.950
258.000  1.950
259.000  1.950
260.000  1.950
261.000  1.950
262.000  1.950
263.000  1.950
264.000  1.950
265.000  1.950
266.000  1.950
267.000  1.950
268.000  1.950
269.000  1.950
270.000  1.950
271.000  1.950
272.000  1.950
273.000  1.950
274.000  1.950
275.000  1.950
276.000  1.950
277.000  1.950
278.000  1.950
279.000  1.950
280.000  1.950
281.000  1.950
282.000  1.950
283.000  1.950
284.000  1.950
285.000  1.950
286.000  1.950
287.000  1.950
288.000  1.950
289.000  1.950
290.000  1.950
291.000  1.950
292.000  1.950
293.000  1.950
294.000  1.950
295.000  1.950
296.000  1.950
297.000  1.950
298.000  1.950
299.000  1.950
300.000  1.950
